        ORG &6000
.start
        EQUB 0
        EQUW tiles
        EQUW stbl1
        EQUW coltbl1
        EQUW stbl2
        EQUW coltbl2
        

.stbl1  
    EQUB 0,0,0,0,0,0,0,0,0,0,0,0,0,0,0,0,0,0,0,0      \ one row
    EQUB 0,0,0,0,0,0,0,0,0,0,0,0,0,0,0,0,0,0,0,0
    EQUB 0,0,0,0,0,0,0,0,0,0,0,0,0,0,0,0,0,0,0,0
    EQUB 0,0,0,0,0,0,0,0,0,0,0,0,0,0,0,0,0,0,0,0
    EQUB 0,0,0,0,0,0,0,0,0,0,0,0,0,0,0,0,0,0,0,0
    EQUB 0,0,0,0,0,0,0,0,0,0,0,0,0,0,0,0,0,0,0,0
    EQUB 0,0,0,0,0,0,0,0,0,0,0,0,0,0,0,0,0,0,0,0
    EQUB 0,0,0,0,0,0,0,0,0,0,0,0,0,0,0,0,0,0,0,0
    EQUB 0,0,0,0,0,0,0,0,0,0,0,0,0,0,0,0,0,0,0,0
    EQUB 0,0,0,0,0,0,0,0,0,0,0,0,0,0,0,0,0,0,0,0
    EQUB 1,0,0,0,0,0,0,0,0,0,1,1,0,1,1,0,1,0,1,0
    EQUB 1,0,0,0,0,0,0,0,0,1,0,0,0,0,0,0,1,0,1,0
    EQUB 1,0,0,0,0,0,0,0,1,0,0,0,0,0,0,0,1,0,1,0
    EQUB 1,0,0,0,0,0,0,0,0,0,0,0,0,0,0,0,0,0,0,0
    EQUB 1,0,0,1,0,0,0,1,0,0,0,0,0,0,0,0,0,0,0,0
    EQUB 1,1,1,1,1,1,1,1,1,1,1,1,1,1,1,1,1,1,1,1

.coltbl1
    EQUB 0,0,0,0,0,0,0,0,0,0,0,0,0,0,0,0,0,0,0,0      \ one row
    EQUB 0,0,0,0,0,0,0,0,0,0,0,0,0,0,0,0,0,0,0,0
    EQUB 0,0,0,0,0,0,0,0,0,0,0,0,0,0,0,0,0,0,0,0
    EQUB 0,0,0,0,0,0,0,0,0,0,0,0,0,0,0,0,0,0,0,0
    EQUB 0,0,0,0,0,0,0,0,0,0,0,0,0,0,0,0,0,0,0,0
    EQUB 0,0,0,0,0,0,0,0,0,0,0,0,0,0,0,0,0,0,0,0
    EQUB 0,0,0,0,0,0,0,0,0,0,0,0,0,0,0,0,0,0,0,0
    EQUB 0,0,0,0,0,0,0,0,0,0,0,0,0,0,0,0,0,0,0,0
    EQUB 0,0,0,0,0,0,0,0,0,0,0,0,0,0,0,0,0,0,0,0
    EQUB 0,0,0,0,0,0,0,0,0,0,0,0,0,0,0,0,0,0,0,0
    EQUB 1,0,0,0,0,0,0,0,0,0,1,1,0,1,1,0,1,0,1,0
    EQUB 1,0,0,0,0,0,0,0,0,1,0,0,0,0,0,0,1,0,1,0
    EQUB 1,0,0,0,0,0,0,0,1,0,0,0,0,0,0,0,1,0,1,0
    EQUB 1,0,0,0,0,0,0,0,0,0,0,0,0,0,0,0,0,0,0,0
    EQUB 1,0,0,1,0,0,0,1,0,0,0,0,0,0,0,0,0,0,0,0
    EQUB 1,1,1,1,1,1,1,1,1,1,1,1,1,1,1,1,1,1,1,1
    
.stbl2 
    EQUB 0,0,0,0,0,0,0,0,0,0,0,0,0,0,0,0,0,0,0,0      \ one row
    EQUB 0,0,0,0,0,0,0,0,0,0,0,0,0,0,0,0,0,0,0,0
    EQUB 0,0,0,0,0,0,0,0,0,0,0,0,0,0,0,0,0,0,0,0
    EQUB 0,0,0,0,0,0,0,0,0,0,0,0,0,0,0,0,0,0,0,0
    EQUB 0,0,0,0,0,0,0,0,0,0,0,0,1,0,0,0,0,0,0,0
    EQUB 0,0,0,0,0,0,0,0,0,0,0,0,0,0,0,0,0,0,0,0
    EQUB 0,0,0,0,0,0,0,0,0,0,0,0,0,0,1,0,0,0,0,0
    EQUB 0,0,0,0,0,0,0,0,0,0,0,0,0,0,0,0,0,0,0,1
    EQUB 0,0,0,0,0,0,0,0,0,0,0,0,1,0,0,0,0,0,0,1
    EQUB 0,0,0,0,0,0,0,0,0,0,0,0,0,0,0,0,0,0,0,1
    EQUB 0,0,0,0,0,0,0,0,0,0,0,0,0,0,1,0,0,0,0,1
    EQUB 0,0,0,0,0,1,1,1,0,0,0,0,0,0,0,0,0,0,0,1
    EQUB 0,0,0,0,0,1,0,0,0,0,0,1,1,1,1,0,0,0,0,1
    EQUB 0,0,0,1,1,1,0,0,0,1,1,0,0,0,1,0,0,0,0,1
    EQUB 0,0,0,0,0,0,0,0,0,0,0,0,0,0,0,0,0,0,0,1
    EQUB 1,1,1,1,1,1,1,1,1,1,1,1,1,1,1,1,1,1,1,1

.coltbl2 
    EQUB 0,0,0,0,0,0,0,0,0,0,0,0,0,0,0,0,0,0,0,0      \ one row
    EQUB 0,0,0,0,0,0,0,0,0,0,0,0,0,0,0,0,0,0,0,0
    EQUB 0,0,0,0,0,0,0,0,0,0,0,0,0,0,0,0,0,0,0,0
    EQUB 0,0,0,0,0,0,0,0,0,0,0,0,0,0,0,0,0,0,0,0
    EQUB 0,0,0,0,0,0,0,0,0,0,0,0,1,0,0,0,0,0,0,0
    EQUB 0,0,0,0,0,0,0,0,0,0,0,0,0,0,0,0,0,0,0,0
    EQUB 0,0,0,0,0,0,0,0,0,0,0,0,0,0,1,0,0,0,0,0
    EQUB 0,0,0,0,0,0,0,0,0,0,0,0,0,0,0,0,0,0,0,1
    EQUB 0,0,0,0,0,0,0,0,0,0,0,0,1,0,0,0,0,0,0,1
    EQUB 0,0,0,0,0,0,0,0,0,0,0,0,0,0,0,0,0,0,0,1
    EQUB 0,0,0,0,0,0,0,0,0,0,0,0,0,0,1,0,0,0,0,1
    EQUB 0,0,0,0,0,1,1,1,0,0,0,0,0,0,0,0,0,0,0,1
    EQUB 0,0,0,0,0,1,0,0,0,0,0,1,1,1,1,0,0,0,0,1
    EQUB 0,0,0,1,1,1,0,0,0,1,1,0,0,0,1,0,0,0,0,1
    EQUB 0,0,0,0,0,0,0,0,0,0,0,0,0,0,0,0,0,0,0,1
    EQUB 1,1,1,1,1,1,1,1,1,1,1,1,1,1,1,1,1,1,1,1

.tiles
        INCBIN "smol\tile1.bin"
        INCBIN "smol\tile2.bin"

.end

SAVE "CLMAP",start,end